00018965652
00019195292
00019195302
00019195312
00019195322
00019195332
00019196422
00019196432
00019196442
00019196452
00019196462
00019331102
00019331132
00019331152
00019331172
00019331192
00019345022
00019345032
00019345042
00019345062
00019464362
00019498752
00020376052
00020616342
00020679812
00020710332
00020746262
00020762722
00020762732
00020762742
00020762752
00020762762
00020928191
00020968442
00021045532
00021045542
00021062302
00021067912
00021106772
00021106782
00021106802
00021106822
00021106832
00021106842
00021106852
00021106862
00021106872
00021106882
00021106952
00021125662
00021125712
00021125722
00021125732
00021125742
00021125752
00021125762
00021125782
00021125792
00021125802
00021125812
00021125822
00021125832
00021125842
00021125852
00021125862
00021125872
00021125882
00021125892
00021125902
00021125912
00021125922
00021125932
00021135292
00021160642
00021160662
00021160692
00021160722
00021203762
00021203782
00021203792
00021203802
00021203812
00021203822
00021203832
00021203872
00021203892
00021203902
00021203912
00021203922
00021203932
00021203942
00021203952
00021215202
00021215312
00021215322
00021215332
00021215352
00021215362
00021215372
00021215382
00021215392
00021215402
00021215412
00021215422
00021215432
00021215442
00021215452
00021215462
00021216952
00021217032
00021256792
00021258382
00021258392
00021258402
00021258411
00021258462
00021258632
00021258702
00021258711
00021258721
00021258922
00021266301
00021266311
00021266321
00021284682
00021285082
00021286702
00021286712
00021286722
00021286732
00021286742
00021286752
00021286762
00021286772
00021286792
00021286802
00021286812
00021286822
00021286831
00021286851
00021286861
00021286872
00021286882
00021286892
00021286902
00021286912
00021286922
00021286932
00021286942
00021286952
00021286962
00021286972
00021286982
00021286992
00021287012
00021287022
00021287032
00021287042
00021287052
00021287062
00021287072
00021287082
00021288062
00021288072
00021288082
00021288092
00021288102
00021288112
00021288122
00021288132
00021288142
00021288152
00021288162
00021288172
00021288182
00021290232
00021290242
00021290252
00021290262
00021290272
00021290282
00021290292
00021290302
00021290312
00021290342
00021290362
00021290372
00021290382
00021290392
00021290402
00021290412
00021290422
00021290432
00021290442
00021290452
00021290462
00021290472
00021290482
00021323651
00021323661
00021323671
00021323681
00021323691
00021365832
00021365842
00021365852
00021365862
00021365872
00021365882
00021365892
00021365902
00021365912
00021365922
00021365932
00021365942
00021365952
00021365962
00021365972
00021365982
00021365992
00021366002
00021366012
00021366022
00021366032
00021366042
00021366052
00021366062
00021366072
00021366082
00021366092
00021366102
00021383132
00021383142
00021383152
00021383162
00021383172
00021383182
00021383192
00021383202
00021383212
00021383222
00021383232
00021383242
00021383252
00021383262
00021383272
00021383282
00021383292
00021383302
00021383312
00021383322
00021383332
00021383342
00021383352
00021383362
00021383372
00021383382
00021383392
00021383402
00021383412
00021383422
00021383432
00021383442
00021383452
00021383462
00021383472
00021383482
00021383492
00021383502
00021383512
00021383522
00021383532
00021383542
00021383552
00021383562
00021383572
00021383582
00021383592
00021383602
00021383612
00021383622
00021383632
00021383642
00021383652
00021383662
00021383672
00021383682
00021383692
00021383702
00021383712
00021383722
00021383732
00021383742
00021383752
00021383762
00021383772
00021383782
00021383792
00021383802
00021383812
00021383822
00021383832
00021383842
00021383852
00021383862
00021383872
00021383882
00021383892
00021383902
00021383912
00021383922
00021383932
00021383942
00021383952
00021383962
00021383972
00021383982
00021383992
00021384002
00021384012
00021384022
00021384032
00021384042
00021384052
00021384062
00021384072
00021384082
00021384092
00021384102
00021384112
00021384122
00021384132
00021384142
00021384152
00021384162
00021384172
00021384182
00021384192
00021384202
00021384212
00021384222
00021391332
00021391362
00021433632
00021527212
00021527222
00021527232
00021527242
00021527272
00021531412
00021543452
00021543462
00021571552
00021571562
00021571572
00021571582
00021571592
00021571602
00021571612
00021571622
00021571632
00021571642
00021571652
00021571662
00021571672
00021571682
00021571692
00021571702
00021571712
00021571722
00021571732
00021571742
00021571752
00021571762
00021571772
00021571782
00021571792
00021571802
00021571812
00021571822
00021571832
00021571842
00021571852
00021571862
00021571872
00021571882
00021571892
00021571902
00021571912
00021571922
00021571932
00021571942
00021571952
00021571962
00021571972
00021571982
00021571992
00021572002
00021572012
00021572022
00021572032
00021572042
00021572052
00021572062
00021572072
00021572082
00021572092
00021572102
00021572112
00021572122
00021572132
00021572142
00021572152
00021572162
00021572172
00021572182
00021572192
00021572202
00021572212
00021572222
00021572232
00021572242
00021588362
00021588422
00021588682
00021588902
00021689572
00021689582
00021689592
00021689602
00021689612
00021689622
00021689632
00021689642
00021689652
00021689662
00021689672
00021689682
00021689702
00021689712
00021689722
00021689732
00021689742
00021689752
00021689762
00021689772
00021689782
00021689792
00021689802
00021689812
00021689822
00021689832
00021689842
00021690552
00021690652
00021705922
00021705932
00021705942
00021705952
00021705962
00021705972
00021705982
00021706002
00021706012
00021706022
00021706082
00021706092
00021706102
00021706112
00021706122
00021706132
00021706142
00021706152
00021706162
00021706192
00021706202
00021706212
00021706222
00021706232
00021706242
00021706252
00021706262
00021706272
00021706842
00021706852
00021706862
00021706872
00021706882
00021706892
00021706902
00021706912
00021706922
00021706932
00021706942
00021706952
00021706962
00021706972
00021706982
00021706992
00021707002
00021707012
00021707022
00021707032
00021707042
00021707052
00021707062
00021707072
00021707082
00021707092
00021707102
00021707112
00021707122
00021707132
00021707142
00021707152
00021707162
00021707172
00021707182
00021707192
00021707202
00021707212
00021707222
00021707232
00021707242
00021707252
00021707262
00021718562
00021718572
00021718582
00021718592
00021718602
00021718612
00021718622
00021718632
00021718642
00021718652
00021718662
00021718672
00021718682
00021718692
00021718702
00021718712
00021718722
00021718732
00021718742
00021718752
00021718762
00021718772
00021718782
00021718792
00021718802
00021718812
00021718822
00021718832
00021718842
00021718852
00021718862
00021718872
00021718882
00021718892
00021718902
00021718912
00021718922
00021718932
00021718942
00021718952
00021718962
00021718972
00021718982
00021718992
00021719002
00021719012
00021719022
00021719032
00021719042
00021719052
00021719062
00021719072
00021719082
00021719092
00021719102
00021719112
00021719122
00021729012
00021729042
00021729052
00021729062
00021729072
00021729082
00021729092
00021729102
00021729112
00021729132
00021729142
00021729222
00021729232
00021729252
00021729262
00021729272
00021729282
00021729292
00021729302
00021729312
00021729322
00021729332
00021729342
00021729352
00021729362
00021729372
00021729382
00021729392
00021729402
00021729412
00021729422
00021729432
00021729442
00021729452
00021729462
00021729492
00021729502
00021729512
00021729522
00021729532
00021729542
00021729552
00021729562
00021729582
00021729592
00021729602
00021729612
00021729622
00021729632
00021729642
00021729652
00021730522
00021745572
00021745592
00021745602
00021745622
00021745642
00021745652
00021745672
00021745682
00021745692
00021745732
00021745742
00021745772
00021745782
00021745792
00021745812
00021755512
00021755552
00021755592
00021755602
00021755612
00021755622
00021755632
00021755722
00021760442
00021760452
00021762592
00021762602
00021762612
00021762622
00021762632
00021762642
00021762662
00021762672
00021762682
00021762692
00021762702
00021762712
00021762722
00021762732
00021762742
00021762762
00021762772
00021762782
00021762792
00021762802
00021762812
00021762822
00021762832
00021762842
00021762852
00021762862
00021774522
00021774552
00021774562
00021774572
00021774582
00021774592
00021774602
00021774612
00021774622
00021774632
00021774652
00021774662
00021774672
00021774682
00021774692
00021774702
00021774712
00021774722
00021774732
00021774742
00021774752
00021774762
00021774772
00021774782
00021774792
00021774802
00021774812
00021774822
00021774832
00021774842
00021774852
00021774862
00021794662
00021794702
00021794712
00021794722
00021794872
00021794882
00021875112
00021875122
00021875132
00021875142
00021875152
00021875162
00021875172
00021875182
00021875202
00021875212
00021875222
00021875232
00021875242
00021875252
00021875262
00021875272
00021875282
00021875302
00021875932
00021875942
00021875952
00021875962
00021875972
00021875982
00021875992
00021876002
00021876012
00021876022
00021876032
00021876042
00021876052
00021876062
00021876072
00021876082
00021876092
00021877752
00021877762
00021878382
00021878392
00021878402
00021878412
00021878422
00021878432
00021878442
00021878452
00021878462
00021878472
00021878482
00021878492
00021878502
00021878512
00021878522
00021878532
00021878542
00021878552
00021878562
00021878572
00021878582
00021878592
00021878602
00021878612
00021878622
00021878632
00021878642
00021878652
00021879542
00021879552
00021879562
00021879572
00021879582
00021879592
00021879602
00021889932
00021890022
00021890032
00021890042
00021890052
00021890062
00021890082
00021890092
00021890192
00021890202
00021890212
00021890222
00021890232
00021890242
00021890252
00021890262
00021890272
00021890302
00021890472
00021890932
00021890942
00021890952
00021890962
00021890972
00021890982
00021890992
00021891002
00021891012
00021891022
00021891032
00021891042
00021891052
00021891062
00021891072
00021891482
00021891492
00021951102
00021951122
00021951132
00021951142
00021951152
00021951162
00021951172
00021951182
00021951192
00021951202
00021951212
00021951222
00021951232
00021951252
00021951262
00021951272
00021951282
00021951292
00021951302
00021951312
00021951322
00021951332
00021951342
00021951352
00021951362
00021951372
00021965072
00021965352
00021965542
00021965642
00022023512
00022024062
00022096462
00022107512
00022114552
00022114562
00022114572
00022114582
00022114592
00022114602
00022114612
00022114622
00022114632
00022114922
00022114932
00022133272
00022138132
00022166542
00022176332
00022176382
00022176452
00022176462
00022188242
00022216332
00022231882
00022231932
00022231962
00022236002
00022236022
00022236032
00022236042
00022236052
00022248602
00022250222
00022256512
00022272292
00022272302
00022276152
00022276992
00022278282
00022293602
00022293612
00022295262
00022310912
00022320352
00022320362
00022320372
00022320982
00022321002
00022323512
00022326572
00022326582
00022326632
00022326662
00022326682
00022326692
00022326762
00022327032
00022334292
00022343452
00022343462
00022343472
00022343512
00022343522
00022343532
00022343542
00022345582
00022346582
00022346632
00022346642
00022346652
00022346662
00022346672
00022346682
00022346692
00022346702
00022346712
00022347202
00022347212
00022347222
00022347232
00022347242
00022347252
00022347262
00022347272
00022347282
00022347292
00022347302
00022347312
00022347322
00022347332
00022347342
00022347352
00022347362
00022347372
00022347382
00022347392
00022347402
00022347412
00022347422
00022347432
00022347442
00022347452
00022347462
00022347472
00022347482
00022347492
00022347502
00022347512
00022347522
00022347532
00022347542
00022347552
00022347562
00022347572
00022347582
00022347592
00022347602
00022347612
00022347622
00022347632
00022347642
00022347652
00022347662
00022347672
00022347682
00022347692
00022347702
00022347712
00022347722
00022347732
00022347742
00022347752
00022347762
00022347772
00022347782
00022347792
00022347802
00022347812
00022347822
00022347832
00022347842
00022347852
00022347862
00022347872
00022347882
00022347892
00022347902
00022347912
00022347922
00022347932
00022347942
00022347952
00022347962
00022347972
00022347982
00022347992
00022348002
00022348012
00022348022
00022348032
00022348042
00022348302
00022348312
00022348322
00022348332
00022348342
00022348352
00022348362
00022348372
00022348382
00022348392
00022348402
00022348412
00022358502
00022358512
00022358522
00022358532
00022358542
00022358552
00022358562
00022358572
00022358602
00022358612
00022358622
00022358632
00022358642
00022358652
00022358662
00022358672
00022358682
00022358692
00022358702
00022358712
00022358722
00022358732
00022358792
00022358802
00022360482
00022360522
00022360532
00022360542
00022360552
00022360572
00022360582
00022360592
00022360602
00022360612
00022360622
00022360632
00022371802
00022371812
00022371822
00022371832
00022371842
00022371852
00022371862
00022371872
00022371882
00022371892
00022371902
00022371912
00022371922
00022371932
00022371942
00022371952
00022371962
00022371972
00022371982
00022371992
00022372002
00022372012
00022372022
00022372032
00022372042
00022372172
00022372182
00022372192
00022372202
00022372212
00022372222
00022372232
00022372242
00022372252
00022372262
00022372292
00022376242
00022376252
00022376262
00022376272
00022376282
00022376292
00022376302
00022376322
00022376332
00022376392
00022376402
00022376412
00022376422
00022376432
00022376442
00022376452
00022376462
00022376492
00022376502
00022376512
00022376522
00022376532
00022376542
00022376552
00022376562
00022376572
00022376582
00022377082
00022377092
00022377102
00022377112
00022377122
00022377132
00022377142
00022377152
00022377162
00022380042
00022382022
00022382032
00022382082
00022382092
00022382102
00022382112
00022382122
00022382142
00022382152
00022382162
00022382192
00022382202
00022382212
00022382222
00022382702
00022400232
00022405372
00022411982
00022412052
00022412062
00022412072
00022412082
00022412092
00022417822
00022417832
00022417842
00022417852
00022417862
00022417872
00022417882
00022417892
00022417912
00022417922
00022418592
00022426382
00022426402
00022426412
00022426422
00022437322
00022437332
00022437342
00022437352
00022439892
00022439912
00022443282
00022443402
00022446922
00022446932
00022446942
00022455462
00022459722
00022465852
00022465872
00022465882
00022466242
00022466262
00022466302
00022466322
00022469252
00022469262
00022469292
00022471142
00022472922
00022475752
00022477492
00022480902
00022487012
00022495072
00022495092
00022495102
00022495112
00022495162
00022499792
00022499802
00022499812
00022499822
00022501582
00022501642
00022501652
00022501662
00022516852
00022517542
00022524322
00022524862
00022524872
00022524912
00022527282
00022528562
00022529872
00022531312
00022531322
00022531392
00022531402
00022532042
00022536912
00022536922
00022537002
00022538132
00022538142
00022538392
00022538882
00022543002
00022548282
00022548302
00022548312
00022549622
00022550132
00022550142
00022550152
00022550162
00022550192
00022550202
00022550212
00022550222
00022550232
00022550242
00022550252
00022550262
00022550272
00022557252
00022565832
00022565852
00022565862
00022565872
00022565882
00022565902
00022565912
00022565922
00022565932
00022566662
00022566692
00022567452
00022589032
00022589042
00022589052
00022589072
00022589082
00022589582
00022589612
00022592572
00022609252
00022609272
00022612042
00022614372
00022616002
00022616012
00022616022
00022616752
00022617612
00022618312
00022618322
00022618332
00022620392
00022624252
00022624262
00022624282
00022625932
00022627692
00022630792
00022635102
00022635112
00022635122
00022639342
00022639352
00022639362
00022639382
00022643652
00022660122
00022660132
00022660142
00022660152
00022660162
00022660172
00022662412
00022669782
00022674362
00022674442
00022674472
00022674482
00022674492
00022674502
00022674512
00022674532
00022674712
00022676172
00022676182
00022676192
00022676202
00022676212
00022676222
00022676232
00022676242
00022676252
00022676262
00022676272
00022676282
00022676292
00022676302
00022676312
00022676322
00022676332
00022676342
00022676352
00022676362
00022676372
00022676382
00022676392
00022676402
00022676412
00022676422
00022676432
00022677622
00022677632
00022677642
00022677652
00022677662
00022682382
00022682762
00022682792
00022682812
00022682852
00022682902
00022683532
00022683542
00022683552
00022683562
00022712482
00022712492
00022712502
00022712512
00022712522
00022712532
00022712542
00022712552
00022712562
00022712572
00022712582
00022712592
00022724212
00022727262
00022740892
00022740902
00022740932
00022740942
00022740952
00022740962
00022740972
00022740982
00022740992
00022741002
00022741012
00022741022
00022741032
00022741042
00022741052
00022741162
00022741172
00022741632
00022741642
00022741652
00022741662
00022741672
00022741682
00022741692
00022741702
00022741722
00022741732
00022741742
00022741752
00022741762
00022741812
00022741832
00022741842
00022741852
00022741862
00022741872
00022753951
00022753961
00022753971
00022753981
00022753991
00022754011
00022756821
00022756831
00022756841
00022756851
00022756861
00022756871
00022756881
00022756891
00022756901
00022756911
00022756921
00022756931
00022756941
00022756951
00022756961
00022756971
00022756981
00022756991
00022757001
00022763012
00022763022
00022763032
00022763042
00022763052
00022763062
00022763072
00022763082
00022763092
00022763102
00022763112
00022763122
00022763132
00022763142
00022763152
00022763162
00022763172
00022763182
00022763192
00022763202
00022763212
00022763222
00022763232
00022763242
00022763252
00022763262
00022763272
00022763282
00022763292
00022763302
00022763312
00022763322
00022763332
00022763342
00022763352
00022763362
00022763372
00022763582
00022765282
00022765292
00022765302
00022765312
00022765322
00022765332
00022765342
00022765352
00022765362
00022765372
00022765382
00022765392
00022765402
00022765412
00022765422
00022765432
00022765442
00022765452
00022765462
00022765472
00022765482
00022765492
00022765502
00022765512
00022765522
00022765532
00022765542
00022765552
00022765562
00022765572
00022765772
00022765782
00022765792
00022765802
00022765812
00022765822
00022765832
00022765842
00022765852
00022765862
00022765872
00022765882
00022765892
00022765902
00022765912
00022765922
00022765932
00022767442
00022767452
00022767462
00022767472
00022767482
00022767492
00022767502
00022767512
00022767522
00022767532
00022767542
00022767552
00022767562
00022767572
00022767582
00022769422
00022769432
00022769442
00022769452
00022769462
00022769472
00022769482
00022769492
00022769502
00022769512
00022769522
00022769532
00022769542
00022769552
00022769602
00022769612
00022769622
00022769632
00022769642
00022769652
00022769662
00022769672
00022769682
00022769692
00022769702
00022769712
00022769722
00022769732
00022769742
00022769752
00022769762
00022769772
00022772222
00022772662
00022772672
00022772682
00022772832
00022772842
00022772852
00022772862
00022772872
00022772882
00022773632
00022773642
00022773652
00022773662
00022773672
00022774102
00022774542
00022774552
00022775132
00022775682
00022775692
00022775702
00022775712
00022775722
00022775732
00022776062
00022776072
00022776082
00022776092
00022776382
00022776412
00022776532
00022777492
00022777502
00022777512
00022777522
00022777532
00022777542
00022778072
00022778092
00022778102
00022778112
00022778122
00022778132
00022778152
00022778162
00022778172
00022778192
00022778202
00022778212
00022778222
00022778232
00022778252
00022778262
00022778272
00022778282
00022778302
00022778312
00022778322
00022778342
00022778352
00022778362
00022778372
00022778392
00022778402
00022778412
00022778422
00022778442
00022778452
00022778462
00022778472
00022778482
00022778502
00022778512
00022778522
00022778532
00022778552
00022778562
00022778572
00022778582
00022778592
00022778602
00022778612
00022778622
00022778632
00022778642
00022778652
00022778662
00022778672
00022778682
00022778692
00022778702
00022778712
00022778722
00022778732
00022778742
00022778922
00022778942
00022778952
00022778962
00022778972
00022778982
00022778992
00022779222
00022779432
00022779442
00022779452
00022779462
00022779472
00022779502
00022779512
00022779522
00022779532
00022779542
00022779552
00022779562
00022779572
00022779582
00022779592
00022779602
00022779612
00022779622
00022779632
00022779642
00022779652
00022779662
00022779672
00022779682
00022779692
00022779702
00022779712
00022779762
00022779772
00022779782
00022779802
00022779812
00022779822
00022779832
00022779842
00022779862
00022779872
00022779882
00022780032
00022780042
00022780062
00022780072
00022780082
00022780092
00022780112
00022780122
00022780132
00022780142
00022780162
00022780182
00022780192
00022780202
00022780212
00022780222
00022780232
00022780292
00022780302
00022780312
00022780402
00022780432
00022780442
00022780452
00022780462
00022780472
00022780482
00022780492
00022780502
00022780512
00022780522
00022780532
00022780542
00022780552
00022780562
00022780582
00022780592
00022780602
00022780612
00022780622
00022780632
00022780642
00022780652
00022780662
00022780672
00022780692
00022780702
00022780712
00022780722
00022780732
00022780742
00022780752
00022780762
00022780772
00022780782
00022780792
00022780802
00022780812
00022780822
00022780832
00022780842
00022780852
00022780862
00022780872
00022780882
00022780892
00022780902
00022780912
00022780922
00022780942
00022781212
00022781232
00022781242
00022781252
00022781262
00022781272
00022781372
00022781382
00022781392
00022781402
00022781412
00022781422
00022781432
00022781442
00022781452
00022781462
00022781472
00022781482
00022781552
00022781562
00022781572
00022781582
00022781602
00022781612
00022781622
00022781632
00022781692
00022781702
00022781712
00022781722
00022781732
00022782172
00022782182
00022782242
00022782252
00022782262
00022782272
00022782282
00022782292
00022782302
00022782312
00022782322
00022782332
00022782342
00022782352
00022782362
00022782372
00022782382
00022782392
00022782402
00022782412
00022782502
00022782512
00022782522
00022782532
00022782542
00022782552
00022782562
00022782572
00022782582
00022782592
00022782602
00022782612
00022782622
00022782632
00022782642
00022782652
00022782662
00022782672
00022782902
00022782912
00022782922
00022782932
00022782942
00022782952
00022782962
00022782972
00022782982
00022782992
00022783002
00022783012
00022783022
00022783032
00022783042
00022783052
00022783062
00022783312
00022783322
00022783332
00022783342
00022783362
00022783382
00022783402
00022783412
00022783422
00022783432
00022783442
00022783452
00022783462
00022783472
00022783482
00022783492
00022783502
00022783512
00022783522
00022783532
00022783542
00022783972
00022783982
00022783992
00022784002
00022784012
00022784022
00022784032
00022784042
00022784052
00022784062
00022784072
00022784082
00022784102
00022784302
00022784722
00022784772
00022784782
00022784792
00022784802
00022784812
00022784822
00022784832
00022784842
00022784852
00022784862
00022784872
00022784882
00022784892
00022784902
00022784912
00022784922
00022784932
00022784942
00022784952
00022784962
00022784972
00022784982
00022784992
00022785002
00022785012
00022785022
00022785032
00022785342
00022785352
00022785362
00022785372
00022785382
00022785392
00022785402
00022785412
00022785422
00022785432
00022785442
00022785452
00022785462
00022785492
00022785502
00022785512
00022785522
00022785532
00022785542
00022785552
00022785562
00022785572
00022785582
00022785592
00022785602
00022785612
00022785622
00022785632
00022785642
00022785652
00022785662
00022785672
00022785682
00022785692
00022785702
00022785712
00022785722
00022785732
00022785742
00022785752
00022785762
00022785772
00022785782
00022785792
00022785802
00022785852
00022786122
00022786132
00022786142
00022786262
00022786272
00022786282
00022786292
00022786302
00022786312
00022786322
00022786332
00022786342
00022786352
00022786362
00022786372
00022786382
00022786392
00022786402
00022786412
00022786422
00022786432
00022786442
00022786452
00022786462
00022786472
00022786482
00022786492
00022786502
00022786512
00022786522
00022786532
00022786542
00022786552
00022786562
00022786572
00022786582
00022786592
00022786602
00022786612
00022786622
00022786632
00022786642
00022786652
00022786662
00022786672
00022786682
00022786692
00022786702
00022786712
00022786722
00022786732
00022786742
00022786752
00022788102
00022788112
00022788822
00022788832
00022789382
00022789392
00022789402
00022789412
00022789422
00022789432
00022789442
00022789452
00022789462
00022789472
00022789482
00022789492
00022789502
00022789512
00022789522
00022789532
00022789542
00022789552
00022789562
00022789572
00022789582
00022790112
00022790122
00022790132
00022790142
00022790152
00022790162
00022790202
00022790212
00022790222
00022790232
00022790752
00022790772
00022790802
00022791802
00022791812
00022791822
00022791832
00022791842
00022791852
00022791862
00022791872
00022791882
00022791902
00022791912
00022791922
00022791932
00022791942
00022791952
00022791962
00022791972
00022792062
00022792072
00022792162
00022792172
00022792182
00022792192
00022792202
00022792882
00022792892
00022792902
00022792912
00022792922
00022792932
00022792942
00022792952
00022792962
00022792972
00022792982
00022792992
00022793002
00022793012
00022793022
00022793032
00022793042
00022793052
00022793062
00022793072
00022793082
00022793592
00022793672
00022793682
00022793692
00022793702
00022793712
00022793822
00022793852
00022793862
00022793872
00022793882
00022793892
00022793902
00022793912
00022793922
00022793932
00022793942
00022793952
00022793962
00022793972
00022793982
00022793992
00022794002
00022794022
00022794072
00022794712
00022794722
00022794732
00022794742
00022794752
00022794762
00022795072
00022795082
00022795092
00022795112
00022795122
00022795132
00022795142
00022795152
00022795162
00022795172
00022795182
00022795192
00022795202
00022795212
00022795222
00022795232
00022795242
00022796522
00022796532
00022796542
00022796552
00022796562
00022796572
00022796582
00022796592
00022796602
00022796612
00022796622
00022796632
00022796642
00022796652
00022796662
00022796672
00022796682
00022796692
00022796702
00022796712
00022796722
00022796732
00022796742
00022796752
00022796762
00022796772
00022796782
00022796792
00022796802
00022796812
00022796822
00022796832
00022796842
00022796852
00022796911
00022796972
00022796982
00022796992
00022797002
00022798132
00022798152
00022798832
00022798842
00022798852
00022798872
00022798882
00022799072
00022799191
00022799201
00022799211
00022799221
00022799231
00022799592
00022799602
00022799612
00022799622
00022799632
00022799642
00022799652
00022799662
00022799672
00022799682
00022799692
00022799702
00022799712
00022799722
00022799812
00022799822
00022799832
00022799842
00022799852
00022799862
00022799872
00022799962
00022799972
00022799982
00022800011
00022800021
00022800031
00022800041
00022800051
00022800061
00022800071
00022800081
00022800091
00022800101
00022800111
00022800121
00022800131
00022800141
00022800151
00022800161
00022800171
00022800181
00022800191
00022800251
00022800261
00022800271
00022800281
00022800301
00022800311
00022800321
00022800331
00022800341
00022800351
00022800361
00022800372
00022800412
00022800422
00022800432
00022800442
00022800452
00022800462
00022800472
00022800482
00022800512
00022800522
00022800542
00022800552
00022800562
00022800572
00022800582
00022800592
00022800602
00022800672
00022800682
00022800742
00022800752
00022800762
00022800802
00022800812
00022800822
00022800832
00022800842
00022801152
00022801162
00022801172
00022801182
00022801682
00022801692
00022801872
00022801882
00022801892
00022801902
00022801912
00022801922
00022801932
00022801942
00022801952
00022802332
00022802342
00022802352
00022802362
00022802372
00022802382
00022802392
00022802402
00022803022
00022803032
00022803042
00022803052
00022803062
00022803072
00022803082
00022803092
00022803102
00022803112
00022803122
00022803132
00022803142
00022803152
00022803162
00022803172
00022803512
00022803522
00022803532
00022803542
00022803602
00022803622
00022803642
00022803652
00022803662
00022803672
00022803682
00022803692
00022803702
00022803712
00022803722
00022803802
00022803812
00022803822
00022803832
00022803842
00022803852
00022803862
00022803872
00022803942
00022803952
00022804342
00022804352
00022804362
00022804372
00022804382
00022804392
00022804402
00022804702
00022804712
00022804722
00022804732
00022804752
00022804762
00022804772
00022804782
00022804792
00022804802
00022805042
00022805052
00022805062
00022805072
00022805082
00022805092
00022805102
00022805112
00022805122
00022805132
00022805142
00022805152
00022805162
00022805172
00022805182
00022805192
00022805202
00022805212
00022805222
00022805232
00022805242
00022805252
00022805262
00022805272
00022805282
00022805292
00022805302
00022805312
00022805322
00022805332
00022805572
00022805622
00022805632
00022805742
00022805752
00022805762
00022805782
00022805792
00022805802
00022805812
00022805842
00022805852
00022806262
00022806272
00022806282
00022806292
00022806302
00022806312
00022806322
00022806332
00022806342
00022806362
00022806392
00022806402
00022806432
00022806442
00022806452
00022806462
00022806472
00022806482
00022806492
00022806502
00022806512
00022806522
00022806532
00022806542
00022806552
00022806562
00022806572
00022806582
00022806592
00022806602
00022806612
00022806622
00022806632
00022806642
00022806652
00022806662
00022806672
00022806682
00022806692
00022806702
00022806712
00022806722
00022806732
00022806742
00022806802
00022806812
00022806852
00022806902
00022807002
00022807011
00022807421
00022807431
00022807441
00022807451
00022807461
00022807471
00022807481
00022807491
00022807501
00022807511
00022807521
00022807531
00022807541
00022807551
00022807561
00022807571
00022807931
00022807941
00022807951
00022810751
00022810761
00022810791
00022810821
00022810831
00022813001
00022813011
00022814472
00022814482
00022814492
00022814502
00022814512
00022814522
00022814532
00022814542
00022814552
00022814562
00022814572
00022814582
00022814592
00022814602
00022814612
00022814622
00022814632
00022814642
00022814652
00022814662
00022814672
00022814682
00022814692
00022814702
00022814712
00022814722
00022814732
00022814742
00022814752
00022814762
00022814772
00022814782
00022814792
00022814802
00022814812
00022814822
00022814832
00022814842
00022814852
00022814862
00022814872
00022814882
00022814892
00022814902
00022814912
00022814922
00022814932
00022814942
00022814952
00022814962
00022814972
00022814982
00022814992
00022815002
00022815012
00022816062
00022816072
00022816082
00022816092
00022817382
00022817392
00022817462
00022817622
00022817632
00022817642
00022817812
00022817822
00022817832
00022817842
00022817852
00022817862
00022818402
00022818412
00022818422
00022818432
00022818452
00022818462
00022818482
00022818492
00022818502
00022818512
00022818522
00022818552
00022818652
00022818672
00022818682
00022818692
00022818702
00022818712
00022818722
00022818732
00022818892
00022818942
00022818952
00022819292
00022819302
00022819312
00022819322
00022821042
00022821052
00022821062
00022821072
00022821082
00022821092
00022821102
00022821112
00022821122
00022821132
00022821152
00022821162
00022821172
00022821182
00022821192
00022821202
00022821262
00022821272
00022821292
00022821302
00022821312
00022821322
00022821332
00022821342
00022821352
00022821362
00022821372
00022821382
00022821392
00022821442
00022821452
00022821462
00022821472
00022821482
00022821492
00022823012
00022823022
00022823032
00022823042
00022823052
00022823062
00022823072
00022823082
00022823102
00022823112
00022823122
00022823132
00022823142
00022823152
00022826292
00022826302
00022826312
00022826322
00022826332
00022826342
00022826352
00022826362
00022826372
00022826382
00022826392
00022826402
00022826412
00022826422
00022826432
00022826442
00022826452
00022826462
00022826472
00022826482
00022829322
00022829412
00022829422
00022829452
00022829462
00022829472
00022829482
00022829492
00022829502
00022829512
00022829522
00022829532
00022829542
00022829552
00022829562
00022829572
00022829582
00022829592
00022829602
00022829612
00022829622
00022829632
00022829642
00022829652
00022829662
00022829672
00022829682
00022829692
00022829702
00022829712
00022829722
00022829732
00022829742
00022829752
00022829762
00022829772
00022829782
00022829792
00022829802
00022829812
00022829822
00022829842
00022830252
00022830262
00022830292
00022830302
00022830312
00022830322
00022830332
00022830342
00022830352
00022830362
00022830372
00022830382
00022830672
00022830682
00022830692
00022830722
00022830732
00022830742
00022830752
00022830762
00022830772
00022830782
00022830792
00022830802
00022830812
00022830822
00022830832
00022830842
00022830852
00022830872
00022830882
00022830892
00022830902
00022830912
00022830922
00022830932
00022830942
00022830952
00022830962
00022830972
00022830982
00022830992
00022831032
00022831042
00022831052
00022831062
00022831072
00022831082
00022831092
00022831102
00022831112
00022831122
00022831132
00022831172
00022831992
00022832042
00022832052
00022834312
00022834322
00022834332
00022834342
00022834352
00022834362
00022834372
00022834382
00022834392
00022834402
00022834412
00022834422
00022834432
00022834442
00022834452
00022834472
00022834482
00022834492
00022834502
00022834512
00022834522
00022834532
00022834542
00022834552
00022834562
00022834572
00022834582
00022834592
00022834602
00022834612
00022834622
00022834632
00022834642
00022834652
00022834662
00022834672
00022834682
00022834692
00022834702
00022834712
00022834722
00022834732
00022834742
00022834752
00022834762
00022834772
00022834782
00022834792
00022834802
00022834812
00022834822
00022834832
00022834842
00022834852
00022834862
00022834872
00022834882
